0.01
0.18
0.34
0.26
0.82
0.47
0.55
0.67
0.72
0.77
0.80
0.86
0.75
0.90
0.88
0.88
0.90
0.91
0.91
0.86
0.91
0.92
0.92
0.92
0.93
0.92
0.93
0.93
0.93
0.93
0.93
0.92
0.93
0.93
0.93
0.93
0.93
0.92
0.93
0.93
0.93
0.93
0.93
0.93
0.93
0.93
0.93
0.93
0.93
0.93
0.93
0.94
0.93
0.94
0.94
0.93
0.93
0.94
0.93
0.93
0.93
0.93
0.93
0.93
0.93
0.94
0.93
0.94
0.93
0.94
0.93
0.94
0.94
0.93
0.93
0.94
0.93
0.93
0.94
0.94
0.93
0.94
0.94
0.94
0.94
0.93
0.94
0.94
0.94
0.94
0.94
0.94
0.94
0.94
0.94
0.94
0.94
0.94
0.94
0.94
